CMSSW_11_3_0_pre2:
  arch: slc7_amd64_gcc900
  step3_cpu_event: 84.188918
  step3_peak_rss: 4936.54
  step4_cpu_event: 4.308433
  step4_peak_rss: 1980.12
CMSSW_11_3_0_pre3:
  arch: slc7_amd64_gcc900
  step3_cpu_event: 86.659253
  step3_peak_rss: 4979.6
  step4_cpu_event: 4.793114
  step4_peak_rss: 2047.82

